50 1
00000000000000010000000001000000001000000010000010
00000000000001000000000001000000000000000000000000
00000000000000000100001111110010000000000010000000
11000000000000000000110000001100000000000000000000
00000000000010010001000010000010000000000000000000
00100000000000110000000000000001000000000000000100
00000000000000000100000000000000100000000000010000
00000000000000001000000000000000010000000000000000
00010100000000001000000000000000010000010000000000
00000001000000010000000000000000001000000000000000
00100000000000010000000000000000001001010010000000
00000000000000011111111000011111111000000000000000
00000000010000100010000111100000001100000001000001
00100100000000100000101000100000001000000000000000
00000000000010101000001000000000000100000000000000
01000000000011100000011000010000001111000000000000
00000000000100010000010000011000001000100000000000
00000000001000010000100000001000000000100000000000
00000000001000010000100000010100001000100000000000
00000000001000001001000000000100010000010100000000
00010000010000000101000000000100100000010000000000
00100001110000000011010000000001000000010000010000
00000000010001000001000000000011000001001000000110
00000000010000000001110001000100000000010000000000
00000000010000000001001111111000000000010000001000
00000000001000000001000000001000000000010000000000
10000000000000000100100000001000000000100000100000
00000000000100000000100000001000001000100000000000
00000000000100000000011010001000000000100000000001
00000000000010000000001000010000000001000000000100
00000011000001000000011100100100000110000000000000
00000000000000001000000111100000001100000000001000
00000000000000010111111000011111110010000000000000
01000000000000000000000001000000000001000100000000
10000000000000100000000000100000001000000000000100
00000111100001100000000001000011111100000111111000
00011000010000100000000100000100101000001000000000
10100000000001110000001100000100000000010000000010
10100000000000101000010010001000000000010000000000
00100000100000101001010010101000000000011000000000
01000000010000100100000010000100000000011000000000
11000000001000100100100010000001110010011111111000
01000000000000100010100010000000001000010001000001
01000000000000100001001010000000000100010100001010
00100000000010100000000010000000000100010000000100
00100000000000100000000011000000000101010000010000
00011000001000100000000010001000010100010000000000
01001111110000100000000010000111110000001111111000
00000010000000010000000000000000000001010000000000
00000000000000000000000000000000001000000000000000

Result Fitness=284 over 1000 iterations:

real    0m20.968s
user    15m43.132s
sys     0m51.264s
