50 1
11111011111111101101111111011111111111111110111111
11101111111111111111111111111111111111111111111111
01111111111111111110111111111001110111011111100111
01111111111111111101111111111111111110111111011111
11111111111111111101111001011111111111111111110111
11111111011100111111111011010111111001110011011101
01111111110101001111110111111110111111111110111111
11111001101111111111101000110100010110111111111111
11101011111111111111011111111010100111110111111101
11111101111011111101110111111111111111111111000111
11110111010010110011111111111111111111011101111111
10110111011111111011111011101111111111111110110111
11111111111101111001011111100011111011111111111110
11111110101111101111111111111111011011111111110111
11111111111010110110111011111110111011111011011111
11111001111101111111111101111111100101110011111111
01100011111111111111111111101111111011101111111011
11111011111110011110111111101111101011111101111110
11011111011111111111110011111101111111011111111101
11111110110111100111111111111011111111111001111111
10111111111111111111011111111111111111111011111111
11110111111111111101111111111111111111111111111111
11111011101111111101111111110011110111110011111011
01101101110110110111010101001011111111011111111111
11111101111111011111111101100001111111111111111011
11110101111111111110110000001111111101011111111101
11111111111111111111111101111010110011111111011111
11111110111101111101111111101111111111111111001111
11110111111111111111101111111111111111101111011111
11111111111111011111111111111111111111111111111111
11111101111111111111111111111111111111111111011111
11111111111111111110111111111111111111111111111111
11110111110111111111111110100111111110111111111111
11111111111111111111111111111111111001011111001110
10111111111111011111111111111111011111111111111011
11101101111111111111111111101111111111111111101111
11111111111111111111111111111111011111111011111111
11111110111101111011111111111111111101011111111111
11111111111111111111111111111111111111111111110110
11111111111111111111110101110111101111111111111111
11010110111111111100011101111111111111111110001111
11010111111011111110101111011111110011011111111101
11111111101111111110111111111111011110111111011011
01111111111111111110111111111011111111111110111111
11111111001111111111101111101111111101101001111111
11111101111111111111110110111111111111111111111111
11111111111111111111111111111101111111101111111111
11101111110111111101111111111111011111110010111011
11111101111111011101111111111011111111111101101111
11111111111111111111111111111111101111011111111011

Result Fitness=284 over 1000 iterations:

real    12m29.754s
user    62m4.858s
sys     0m1.477s
