Random Seed = 231
3 11 64 49
Reading cmse2.txt
Reading in 50x50 array
50 1
11111110111011011101111111110111011111111111111101
11111111111111111111101111111111111111111111111111
11111111110010111111111111111111011111110110111011
11111110011111111111111111111101111110110110111111
11011011111111011111111111111111111111101111111111
10111111111111111101111111011101111111111001111111
11111101010011111111011111111111111011111111111110
11111111111111110011110111111111011111111011111111
11111111111111011111111111111101111101110111110111
11111111110111101111111111001111111111100111111111
11110111111111111111111111111011111111111011111111
01111111011110111111111111111111111111011111111111
11101110111111111111111001111111111111011110111111
11111111110011111111011111101010110111111011111101
11101110010110111011111111101110111110111110111111
11101010111111111101111111111111111111111111111111
11111111111110111111110111111111101111110110111111
11011100111111111111101101101111111101001111010111
01011110111111111101111110111101011111011011111011
11111111111101111101111101100101111101111111111111
11011111111110111111111111011111111111111111111011
11111101101111011111111010111111111111111111110101
11101100110111111111111111111111111111101111111111
11111111111111001111111100010111111011101111111111
11111111111111111111101011100111110101111111111111
11111111011110111110100001010110111101110011101111
11101111111101111011111101111101111111111011111111
11111111111111111111111111111111111111101111110111
01111110101111111111111111110110111111111111111111
11111111110111111101111110111100111111011111010111
11110111011011111111110011111100111011111111111111
11111111011111011101111011111111111111111111011110
11111111111110101111110111111111110111011111111011
10111110111101111011111111111111111111111010110011
11111111110111010111111111011111111111001011111111
11101111111111011111111100111110110111111111111011
11111111111111111111111111101111111111111110111111
11111011111111111111111111111111111111111111101111
11111111111111111001101111111111111111111111111011
11110111111111111011111111111111110111111101111110
11111111111111111010110111111111111111111111111111
11111111111111101111111111101110111111110111111011
11110111111101111101111111111111111111111111111111
11111111111111111111111011111111101111101111110111
11101001111110111111110110111100111011110100011110
10110111110111111111101111110101100111110101111111
11111111101110111111111111111110111111111111101111
11111111111011111111011111000111111010110111111110
11111111111111111111011111110111111101111111111111
11111111111101111111111111111111111111111111011111

Result Fitness=287 over 1000 iterations:

real    15m58.968s
user    15m58.669s
sys     0m0.025s
