Random Seed = 28
28 32 49 31
Reading cmse2.txt
Reading in 50x50 array
50 1
11111111111111111111111111101111111111111111111101
11111111111111111111111111111111111111011111111111
11111111101111111111111111111110110111111110111111
11101111111100101101111111011111111111111111111101
11111111011111111111111111111110111111111111101111
11111110111111111101111111110111111111111111111111
01111111111110111110101111111111110111111111101101
11101111111100111111111111110111111111111111111111
11111111111111111111110101111111110111011111111111
10111111101111111101111111011111111110110111111111
11111111111110111111111110111101111101111111111111
11111101111111110111100111111011011111111111111111
11111111111111111111111111111111110111111101111111
11111011111101111111010111111111111111111111111011
11011111111111111100010111111111111111111110110111
11011111101101111101111111101111111111111111111111
11111111111111111111110111111111111101111110111111
11111110011111111111111111111011111110101110111111
01010111111101111111111111111111111111101011111110
11111111111111111111111011110111111111111111111111
11111111111110111101111111111111111011111111111111
11111110110111111111110111111011111110100011111101
11111001111010111111111111011111111111111111101111
11110111111111111111111111111111111111111111111111
10111111111101110111101111110101001111001111101111
11111110111111111111111111011111111011011101111111
11111110101111111111101111110110111110100111111111
11111111101111111111111110111101111110001111101110
11111111111011111011111111111111111010111011111111
10111111101111111011111011111111101110110101111111
11111111110111111111111111010010010111101111101101
11111111110110111110111111111111111110101111101111
01111111111111111011111111111111111111110111111111
11111111111111110101111111011110111111010110001111
11111111110111111111111111111111111101111111111110
11101111101011101111111110100111111111111111111111
11111111111111111111111111111101111111111111111111
11111110011101111111101111100111111101111111111011
11111111111111111110111111111111011111111111011111
11111111011111111101111111111111111111011111111111
11111111111101111111111111111110111111111011101111
11110111111111111111110111111011111111111111011101
11111111011101111111111111111101110111111111111111
11111101111011111101111111111111110111111111011111
11111111111101111111111111111101111111111111111111
11111011111111111111101111111111111011110111111111
01110111101111111011111111101111111111011011111011
11111111111110111111111011111111011011111111011111
11111111111111111111111111111101111111110111111111
11011111001111111111111111111111111011111111110111

Result Fitness=286 over 1000 iterations:

real    17m17.567s
user    17m17.404s
sys     0m0.020s
